positive/1605843083.8126345.jpg 11 1256 411 207 174 1271 607 132 157 1248 825 86 106 1205 790 80 95 1168 699 97 94 1181 183 91 95 994 270 91 98 786 258 105 105 571 225 86 98 396 190 84 91 228 142 80 91
positive/1605843084.8917954.jpg 12 1193 290 152 162 1114 616 97 111 1160 578 106 102 1247 461 102 102 1150 412 122 136 1019 430 94 102 1107 114 88 94 962 127 73 84 869 132 82 93 675 127 85 101 502 111 82 81 338 68 95 85
positive/1605843086.686415.jpg 10 1191 698 139 131 1034 634 97 119 1084 383 189 160 849 503 89 114 841 321 105 106 919 205 86 98 861 164 105 86 881 114 90 93 642 195 88 98 585 148 87 77
positive/1605843095.286925.jpg 8 833 94 119 115 928 193 109 107 870 227 105 105 790 194 107 95 734 215 82 118 1093 612 196 199 826 635 156 147 774 759 114 106
positive/1605843093.919751.jpg 10 763 851 91 82 966 756 202 155 833 715 129 112 841 148 112 119 971 201 87 114 929 222 82 91 933 248 101 112 866 285 103 102 777 241 106 107 707 266 94 115
positive/1605843088.6715415.jpg 7 962 400 98 90 865 329 103 91 717 382 111 112 581 302 112 107 609 362 118 105 1076 788 212 156 819 747 190 162
positive/1605843105.8051186.jpg 17 886 374 89 107 824 399 81 102 731 461 153 158 668 459 91 110 535 454 127 147 466 496 97 95 436 733 101 114 380 697 103 107 332 681 97 98 132 563 131 103 316 345 156 157 382 266 122 101 437 216 85 102 418 164 103 89 472 128 119 119 341 56 112 106 261 81 106 103
positive/1605843104.6890104.jpg 15 615 582 107 99 564 547 90 101 514 528 107 109 991 270 116 106 977 396 114 102 801 336 94 99 677 324 130 135 630 374 81 91 418 0 102 102 605 47 111 87 567 79 87 93 569 122 127 82 533 160 118 94 441 220 179 165 304 427 115 107
positive/1605843012.2967286.jpg 5 745 509 118 114 613 500 94 111 610 453 105 95 576 398 111 122 589 226 140 120
positive/1605842960.0573533.jpg 5 954 415 89 97 826 294 115 106 682 285 95 94 660 315 103 89 672 353 112 94
positive/1605843013.626654.jpg 5 735 507 120 122 622 509 86 90 608 453 91 95 567 413 105 86 615 239 99 109
positive/1605843028.794301.jpg 8 898 444 110 122 886 521 116 108 810 458 105 102 728 491 86 93 948 626 128 118 1141 578 124 111 1063 597 108 101 1016 518 97 111
positive/1605843061.796463.jpg 2 1130 771 107 116 1050 805 93 102
positive/1605843019.3328762.jpg 7 1079 357 86 97 1121 476 111 99 957 517 88 102 1007 450 93 103 169 357 154 131 403 381 112 111 610 398 111 99
positive/1605843064.1337738.jpg 3 1449 748 124 110 1292 784 97 107 1159 765 103 120
positive/1605843081.1748276.jpg 3 475 723 191 166 99 647 127 115 290 634 120 107
positive/1605843082.2068863.jpg 6 1044 634 186 173 0 427 76 99 183 457 112 112 407 517 122 114 646 500 124 110 839 504 107 107
positive/1605843083.0270169.jpg 8 18 262 109 103 203 286 111 120 371 341 131 107 596 377 135 114 1338 859 166 158 1212 504 186 166 1020 337 112 99 843 382 82 99
positive/1605842824.0032415.jpg 4 949 295 111 103 1030 247 90 84 1071 293 103 101 1084 357 98 95
positive/1605842841.0252802.jpg 7 623 582 91 120 701 597 84 112 786 576 98 99 730 494 105 116 711 353 110 103 772 340 111 91 822 294 93 98
positive/1605842842.0547562.jpg 7 713 564 94 95 696 538 106 105 638 486 91 105 618 403 135 136 713 279 91 95 761 272 91 90 759 218 102 111
positive/1605842843.2028496.jpg 7 610 621 101 112 656 596 110 112 636 482 118 120 632 407 126 128 706 276 86 89 774 256 87 91 768 203 89 87
positive/1605842935.1774144.jpg 2 107 680 118 120 263 500 110 115
positive/1605842936.2155836.jpg 3 390 738 115 108 258 939 114 115 516 534 132 135
positive/1605842937.542362.jpg 3 148 899 144 120 349 740 123 118 535 564 112 122
positive/1605842948.1977055.jpg 5 1005 332 111 118 833 336 143 149 749 436 91 93 727 374 89 101 705 340 97 106
positive/1605842950.62022.jpg 6 493 437 131 120 479 385 116 102 464 331 131 106 592 349 143 120 765 327 98 105 786 379 108 91
positive/1605842953.2957375.jpg 6 422 400 99 106 491 353 91 99 525 424 105 101 567 375 132 116 747 387 95 116 826 381 91 105
positive/1605842718.4880342.jpg 4 1003 446 112 127 1164 638 110 123 1078 672 110 115 965 664 118 140
positive/1605842726.8575552.jpg 4 815 525 91 119 727 553 114 111 646 509 97 118 673 386 135 128
positive/1605842765.742603.jpg 5 974 205 114 110 921 236 112 97 969 285 97 103 875 578 123 118 903 483 120 97
positive/1605842794.655662.jpg 6 1030 182 119 102 903 185 103 99 910 272 105 102 870 404 84 103 808 366 90 114 727 361 102 111
positive/1605842796.0516806.jpg 6 1029 178 105 107 898 189 103 94 911 268 115 122 869 398 84 101 812 377 82 93 739 360 82 101
positive/1605842797.0669713.jpg 6 741 345 98 118 814 360 90 102 864 409 111 109 902 272 122 116 916 185 94 102 1021 180 126 112
positive/1605842798.0725005.jpg 5 1033 188 112 97 894 190 107 103 862 396 87 109 801 367 93 114 727 348 107 118
positive/1605842800.0658605.jpg 4 1026 159 93 89 911 140 101 106 818 315 90 98 741 306 88 95
positive/1605842821.4035547.jpg 5 832 394 94 115 827 361 98 93 806 289 95 105 714 360 94 77 731 285 91 90
positive/1605842822.4174435.jpg 4 883 327 98 112 802 315 89 86 875 249 107 107 820 227 86 93
positive/1605842684.8172612.jpg 4 686 742 98 107 661 561 105 101 697 396 118 110 730 318 101 95
positive/1605842683.8380053.jpg 4 765 693 97 107 778 508 105 114 810 358 105 101 799 218 93 102
positive/1605842686.4288597.jpg 6 681 713 84 107 650 585 93 115 580 613 84 90 606 327 87 95 655 302 82 102 696 299 80 101
positive/1605842688.2884054.jpg 6 841 230 118 109 900 272 98 94 1041 278 93 107 1028 538 91 106 921 550 93 112 844 518 98 110
positive/1605842694.487875.jpg 5 642 526 103 101 682 483 95 115 780 470 94 106 736 302 80 99 755 262 90 78
positive/1605842690.73791.jpg 5 981 639 111 116 873 659 108 110 814 620 106 126 1002 300 95 102 845 294 90 101
positive/1605842696.1348302.jpg 3 655 503 126 126 755 455 94 131 811 508 95 89
positive/1605842698.9846694.jpg 2 724 395 94 106 814 385 90 115
positive/1605842701.9031403.jpg 4 785 377 95 86 576 486 86 91 660 515 78 98 782 413 86 90
positive/1605842704.9870498.jpg 3 944 231 98 102 827 328 89 98 761 300 76 101
positive/1605842507.0966375.jpg 5 555 832 105 102 495 729 114 122 559 645 112 107 836 584 101 101 894 563 99 101
positive/1605842507.9542542.jpg 5 741 824 107 103 672 781 101 103 728 666 98 97 978 570 111 102 1045 538 102 111
positive/1605842508.830574.jpg 5 1234 490 95 114 1176 541 111 87 938 754 110 109 898 726 105 114 937 634 103 124
positive/1605842509.6889536.jpg 5 914 750 99 90 864 722 90 102 933 650 106 105 1125 496 102 90 1163 457 91 90
positive/1605842510.5434785.jpg 5 865 730 119 108 805 689 110 115 854 613 122 119 1042 457 111 102 1076 408 110 97
positive/1605842511.4258122.jpg 5 848 748 120 124 794 727 114 105 852 635 123 103 1013 466 123 111 1047 416 126 120
positive/1605842512.3103259.jpg 5 872 792 98 103 832 777 110 102 885 666 114 126 1046 507 114 98 1070 454 110 93
positive/1605842540.7290952.jpg 3 1029 336 86 118 944 350 89 89 879 316 99 94
positive/1605842541.5192904.jpg 3 1113 321 94 130 1034 343 93 93 970 300 101 110
positive/1605842682.816114.jpg 2 923 705 115 99 924 518 111 109
positive/1605842240.37869.jpg 3 481 547 115 94 458 507 101 86 629 465 127 114
positive/1605842255.673859.jpg 8 946 786 141 114 1104 585 102 107 1028 680 99 97 954 617 110 112 1017 592 93 101 932 465 105 102 946 396 97 86 1062 416 105 115
positive/1605842251.1949716.jpg 3 1229 731 128 133 1293 612 101 106 1216 606 90 109
positive/1605842319.9335303.jpg 3 1511 463 105 87 1455 652 102 137 1338 982 89 97
positive/1605842320.8842578.jpg 4 1220 798 107 103 1160 734 90 110 1065 721 111 107 1420 332 111 112
positive/1605842394.6741517.jpg 4 929 113 86 101 999 135 94 103 1051 163 94 90 1070 206 98 110
positive/1605842393.523578.jpg 7 1016 349 110 116 1138 272 102 114 1059 241 80 95 1036 156 111 115 1062 22 111 131 1025 76 89 93 967 110 89 85
positive/1605842398.3253837.jpg 4 946 244 101 103 935 193 86 103 872 155 95 97 847 84 97 116
positive/1605842494.1684031.jpg 6 133 600 90 112 207 616 101 102 229 676 106 95 514 747 112 134 397 596 112 101 459 663 99 114
positive/1605842506.2513385.jpg 5 546 765 108 98 483 660 107 108 558 591 86 93 836 578 111 111 904 558 112 114
positive/1605842060.2660298.jpg 10 927 574 110 118 1112 730 119 124 1025 701 109 105 1074 614 107 114 999 375 77 80 994 421 77 91 1057 491 114 105 1090 437 108 107 1132 357 89 102 1050 337 80 98
positive/1605842120.4327552.jpg 6 1096 660 118 107 1053 601 99 101 919 524 103 105 1059 457 110 116 1047 373 119 119 1023 333 93 99
positive/1605842224.0538268.jpg 3 1767 457 97 90 1821 365 98 111 1732 373 95 111
positive/1605842224.9329734.jpg 4 1835 298 84 106 1600 370 130 107 1574 423 103 102 1531 473 140 119
positive/1605842225.8448215.jpg 4 1603 281 102 112 1389 412 108 122 1365 381 86 89 1293 365 98 95
positive/1605842226.8098726.jpg 4 1359 285 111 108 1134 321 82 95 1117 370 88 90 1137 416 99 110
positive/1605842227.6848407.jpg 2 917 306 93 95 1154 269 112 110
positive/1605841907.9528108.jpg 6 1199 272 131 127 1196 353 95 108 1090 463 99 120 1038 484 97 94 1015 407 103 111 973 425 82 103
positive/1605841910.0915844.jpg 6 1336 289 116 119 1281 323 89 102 1143 553 101 110 1083 541 94 98 1019 495 88 107 1072 478 78 89
positive/1605841924.381042.jpg 2 312 989 118 90 468 807 110 110
positive/1605841919.4944594.jpg 2 1083 324 101 101 1011 295 112 101
positive/1605841941.3128958.jpg 4 1080 655 115 106 1017 525 91 95 979 459 106 111 1099 343 139 144
positive/1605841957.5911355.jpg 6 1137 656 94 126 1024 671 87 106 941 643 84 97 1154 473 105 89 1094 420 70 95 1208 240 105 114
positive/1605841990.3829253.jpg 8 351 818 110 115 279 781 95 93 236 735 91 98 401 587 106 110 514 627 87 103 470 555 122 120 562 530 105 128 696 558 105 103
positive/1605842001.8061316.jpg 6 1309 218 129 126 1248 281 97 118 1178 247 98 122 1093 413 91 106 1059 494 108 106 970 663 112 126
positive/1605842054.1616287.jpg 10 1287 802 95 109 1210 797 81 110 1162 701 107 109 1065 605 115 118 1283 656 115 133 1308 513 105 116 1264 383 98 107 1163 373 95 107 1128 467 95 99 1066 408 101 107
positive/1605842056.1374507.jpg 10 1208 218 101 110 1145 193 89 109 1101 252 81 88 1201 294 95 114 1143 318 82 80 1088 283 82 97 1226 550 101 107 1175 455 91 111 1134 521 94 110 1042 412 95 122
positive/1605841875.658394.jpg 3 1581 84 86 102 1541 55 84 86 1482 33 94 89
positive/1605841877.210977.jpg 3 1334 239 109 119 1301 212 95 90 1243 185 115 108
positive/1605841880.0879438.jpg 5 1204 433 109 112 1164 358 106 128 1029 394 114 111 1154 203 99 91 1108 185 95 114
positive/1605841884.0114043.jpg 5 1217 591 99 105 1181 536 99 103 1059 566 106 110 1175 343 114 105 1135 289 132 137
positive/1605841891.3549845.jpg 3 1223 396 105 116 1187 458 94 101 1083 390 111 97
positive/1605841887.1428792.jpg 3 1208 475 99 124 1154 533 109 110 1057 454 107 112
positive/1605841893.1993642.jpg 2 1129 558 95 102 1012 490 102 111
positive/1605841896.0019412.jpg 5 911 798 98 107 935 606 111 114 1067 505 105 115 1008 454 89 102 1105 370 106 103
positive/1605841901.1158664.jpg 7 950 553 103 120 1034 555 103 115 1121 578 91 109 1180 276 102 118 1051 346 103 97 990 315 91 103 1041 290 89 106
positive/1605841906.0449064.jpg 7 1028 268 99 118 1016 320 90 115 1101 320 98 116 1141 442 98 116 1132 532 94 112 1058 568 89 98 1016 517 98 115
